LI         atomName
PVDZ        basisSet
DHF     jobs

%occAMFI_ga
5
8
4.3333333333333333333333333333333333
8.6666666666666666666666666666666667
4
6

%occAMFI_b
3
4
0.3333333333333333333333333333333333
0.6666666666666666666666666666666667

%occAMFI_f
3
4
1.6666666666666666666666666666666667
3.3333333333333333333333333333333333


%occAMFI_c
3
4
0.6666666666666666666666666666666667
1.3333333333333333333333333333333333

%occAMFI_LI
1
3




%occAMFI_n
3
4
1
2

%occAMFI_ne
3
4
2
4

%occAMFI_kr
5
8
6
12
4
6


%occAMFI_ar
3
6
4
8




%occAMFI_xe
5
10
8
16
8
12




%occAMFI_ne
3
4
2
4


